
初始位置
self.cur_pos =  [0.55513753 0.04267503 0.18153528]
self.cur_ori =  [-0.03244228  0.99039508  0.12396424 -0.05194187]

网络计算位置
action =  [ 0.547856   -0.1008662   0.15286086  0.07539261  0.93621     0.34043542
 -0.04393703  0.9982422   0.99881834  0.9993806   0.99858904  0.9981992
  0.9996723   0.99894935  0.9964264   0.99606276  0.99725217  0.99401003
  0.997377    0.999633    0.9941777   0.9983024   0.9981036 ]
  
  
  self.curr_leap_hand_pos =  [3.12932086 3.29499078 3.16767025 3.15386438 3.14926267 4.53444719
 3.14926267 3.10784507 3.1461947  3.19221401 3.15386438 3.14772868
 4.7737484  3.32567024 3.17227221 3.07563138]
 
 
 
 rlpd obs state=  [[ 0.55213714 -0.00877454  0.17353177  0.01705803  0.97237146  0.22634283
  -0.05451312  3.1293209   3.2949908   3.1676702   3.1538644   3.1492627
   4.534447    3.1492627   3.107845    3.1461947   3.192214    3.1538644
   3.1477287   4.7737484   3.3256702   3.1722722   3.0756314 ]]
   
 bc obs state =  [[ 0.5521376  -0.0087748   0.17353228  0.01705811  0.9723715   0.22634257
  -0.05451275  3.1293209   3.2949908   3.1676702   3.1538644   3.1492627
   4.534447    3.1492627   3.107845    3.1461947   3.192214    3.1538644
   3.1477287   4.7737484   3.3256702   3.1722722   3.0756314 ]]
   
bc action =  [ 0.59014404 -0.09905714  0.1572902   0.06247793  0.94101787  0.33184838
 -0.02141913  3.3339214   3.55353     4.087842    3.5943716   3.519197
  4.117583    3.850637    3.7620149   3.1217923   3.312855    2.9026136
  3.3298059   4.596298    3.5656419   3.3465605   3.03397   ]


obs state=  [[ 0.5918477  -0.4037528   0.16284616 -0.1041085   0.9722241  -0.19074006
  -0.08694808  3.1293209   3.2949908   3.1676702   3.1538644   3.1492627
   4.534447    3.1492627   3.107845    3.1461947   3.192214    3.1538644
   3.1477287   4.7737484   3.3256702   3.1722722   3.0756314 ]]



